4,41
4,26
4,40
4,4
4,20
4,34
4,31
4,24
4,32
4,14
4,38
4,1
4,36
4,2
4,3
6,4
6,1
6,6
6,2
6,3
7,8
7,7
7,4
7,13
7,9
7,5
7,1
7,6
7,2
7,3
5,4
5,2
5,1
5,3
58,52
58,51
58,50
58,49
58,48
58,47
58,46
58,45
58,44
58,43
58,42
58,41
58,40
58,39
58,38
58,37
58,36
58,35
3,2
3,1
3,3
10,17
10,21
10,280
10,222
10,230
10,179
10,257
10,225
11,5
9,6
9,4
8,18
8,4
8,14
8,6
53,3
53,2
53,1
53,0
52,3
52,2
52,1
52,0
48,4
48,3
48,2
48,1
48,0
31,3
31,2
31,1
29,3
29,2
29,1
27,3
27,2
27,1
24,3
24,2
24,1
20,3
20,2
20,1
19,3
19,2
18,1
19,1
18,3
17,3
17,2
17,1
16,3
16,2
14,1
16,1
14,3
15,3
15,2
13,1
15,1
13,3
14,2
13,2
12,3
12,2
12,1
